0 1
0 2
0 3
0 4
0 5
48 24 1236
0 6
5 6
0 7
5 7
0 8
5 8
-1111 7 1260
0 9
5 9
8 9
0 10
5 10
8 10
0 11
5 11
8 11
-2327 187 1231
0 12
53 -1135 150
0 13
5 13
8 13
11 13
12 13
0 14
5 14
8 14
11 14
12 14
0 15
5 15
8 15
11 15
12 15
0 16
5 16
8 16
11 16
-3687 44 1184
0 17
5 17
8 17
11 17
12 17
16 17
0 18
5 18
8 18
11 18
12 18
16 18
0 19
5 19
8 19
11 19
12 19
16 19
0 20
5 20
8 20
11 20
12 20
16 20
0 21
-1177 2 72
0 22
5 22
8 22
11 22
12 22
16 22
21 22
0 23
5 23
8 23
11 23
12 23
16 23
21 23
0 24
65 158 -1138
0 25
5 25
8 25
-1134 1273 1212
0 26
5 26
8 26
11 26
12 26
16 26
21 26
24 26
1105 18 -1070
0 27
5 27
8 27
11 27
12 27
16 27
21 27
-1169 1270 54
0 28
5 28
8 28
11 28
12 28
16 28
21 28
24 28
25 28
26 28
27 28
0 29
5 29
8 29
11 29
12 29
16 29
-3638 1215 1196
0 30
5 30
8 30
11 30
12 30
16 30
21 30
24 30
81 187 -2426
0 31
5 31
56 -1146 1291
0 32
5 32
1241 135 1231
0 33
5 33
8 33
11 33
12 33
16 33
21 33
24 33
25 33
26 33
27 33
29 33
-4845 1199 1175
0 34
5 34
-95 1211 1289
0 1
5 1
8 1
11 1
12 1
16 1
-3524 0 2360
0 2
5 2
8 2
11 2
12 2
16 2
21 2
24 2
25 2
26 2
27 2
29 2
30 2
31 2
32 2
33 2
34 2
1 2
0 3
5 3
8 3
11 3
12 3
16 3
21 3
24 3
25 3
26 3
27 3
29 3
30 3
31 3
31 -1102 2545
0 4
5 4
8 4
11 4
12 4
16 4
21 4
24 4
25 4
26 4
27 4
29 4
30 4
-93 1387 -2307
0 6
5 6
8 6
11 6
12 6
16 6
21 6
24 6
25 6
26 6
27 6
29 6
30 6
31 6
32 6
33 6
34 6
1 6
3 6
4 6
0 7
5 7
8 7
11 7
12 7
16 7
21 7
24 7
25 7
26 7
27 7
29 7
30 7
31 7
32 7
33 7
34 7
1 7
3 7
4 7
0 9
5 9
8 9
11 9
-2347 1214 1158
0 10
5 10
8 10
11 10
12 10
16 10
21 10
24 10
25 10
26 10
27 10
29 10
30 10
-1306 169 -2358
0 13
5 13
8 13
11 13
12 13
16 13
21 13
24 13
25 13
-1279 1199 2383
0 14
5 14
8 14
11 14
12 14
16 14
21 14
24 14
25 14
26 14
1250 1 -2322
0 15
5 15
8 15
11 15
12 15
16 15
21 15
24 15
25 15
26 15
27 15
29 15
30 15
31 15
32 15
2489 134 1292
0 17
5 17
8 17
11 17
12 17
16 17
21 17
24 17
25 17
26 17
27 17
29 17
30 17
31 17
32 17
33 17
34 17
1 17
3 17
4 17
9 17
-2441 1193 2417
0 18
5 18
8 18
11 18
12 18
16 18
21 18
24 18
25 18
26 18
27 18
29 18
-3619 1377 118
0 19
5 19
8 19
11 19
12 19
16 19
21 19
24 19
25 19
26 19
27 19
29 19
30 19
31 19
32 19
33 19
34 19
1 19
3 19
4 19
9 19
-2451 2494 1205
0 20
5 20
8 20
11 20
12 20
16 20
21 20
24 20
25 20
26 20
27 20
29 20
30 20
31 20
32 20
33 20
34 20
1 20
3 20
4 20
9 20
10 20
13 20
14 20
15 20
17 20
-2410 1215 3673
0 22
5 22
8 22
11 22
12 22
16 22
21 22
24 22
25 22
26 22
27 22
29 22
30 22
31 22
1242 -1058 1199
0 23
5 23
8 23
11 23
12 23
16 23
21 23
24 23
25 23
26 23
27 23
29 23
30 23
31 23
32 23
33 23
34 23
1 23
3 23
4 23
9 23
10 23
13 23
14 23
15 23
17 23
18 23
19 23
20 23
22 23
0 28
5 28
8 28
11 28
12 28
16 28
21 28
24 28
25 28
26 28
27 28
29 28
30 28
31 28
32 28
33 28
34 28
1 28
3 28
-12 -2286 2381
0 2
5 2
8 2
11 2
12 2
16 2
21 2
24 2
25 2
26 2
27 2
29 2
30 2
31 2
32 2
33 2
34 2
1 2
3 2
4 2
9 2
10 2
-1172 153 -3530
0 6
5 6
8 6
11 6
12 6
16 6
21 6
24 6
25 6
26 6
27 6
29 6
30 6
31 6
32 6
33 6
34 6
1 6
3 6
4 6
9 6
10 6
13 6
14 6
15 6
2483 66 -2
0 7
5 7
8 7
11 7
12 7
16 7
21 7
24 7
25 7
26 7
27 7
29 7
30 7
31 7
32 7
33 7
34 7
1 7
3 7
4 7
9 7
10 7
13 7
14 7
1099 -1070 -2439
0 23
5 23
8 23
11 23
12 23
16 23
21 23
24 23
25 23
26 23
27 23
29 23
30 23
31 23
32 23
33 23
34 23
1 23
3 23
4 23
9 23
10 23
13 23
14 23
15 23
17 23
18 23
19 23
20 23
22 23
28 23
2 23
-2353 113 -3622
434